01023
01042
02005
02010
02015
02028
02047
03005
03010
03015
03020
03025
04005
04010
04015
04020
04025
04030
04037
04047
05010
05015
05020
05025
05032
05040
05045
05050
05055
05060
05065
05070
05077
06005
06013
06020
06025
06030
06035
06040
06045
06050
06055
06060
07005
07010
07018
07025
07030
07035
07040
07047
07057
07065
07070
07075
07080
07085
07090
07095
07100
07105
08005
08010
08015
08023
08030
08035
08040
08053
08065
08073
08080
09005
09010
09015
09020
09025
09030
09035
09040
09048
09055
09060
09065
09070
09077
09085
09092
10005
10010
10015
10025
10030
10043
10060
10070
10075
11005
11010
11015
11020
11025
11030
11035
11040
11045
11050
11055
12005
12010
12015
12020
12025
12030
12035
12043
12045
12057
12065
12072
12080
13005
13010
13015
13020
13025
13030
13040
13045
13050
13055
13060
13065
13073
13075
13080
13085
13090
13095
13100
14005
14010
14018
14025
14030
14035
14040
14045
14050
14055
14060
14065
14070
14075
14080
14085
14090
15005
15013
15025
15030
15035
15058
15065
16005
16013
16023
16048
16050
16055
17005
17010
17015
17020
17025
17030
17035
17040
17045
17055
17060
17065
17070
17078
18005
18010
18015
18020
18025
18030
18035
18040
18045
18050
18055
18060
18065
18070
19005
19010
19015
19020
19025
19030
19037
19045
19050
19055
19062
19068
19070
19075
19082
19090
19097
19105
19110
19117
20005
20010
20015
20020
20025
20030
21005
21010
21020
21025
21030
21035
21040
21045
22005
22010
22015
22020
22025
22030
22035
22040
22045
23027
23057
23072
25213
26005
26010
26015
26022
26030
26035
26040
26048
26055
26063
26070
27008
27015
27028
27035
27043
27050
27055
27060
27065
27070
28005
28015
28020
28025
28030
28035
28040
28045
28053
28060
28065
28070
28075
29005
29013
29020
29025
29030
29038
29045
29050
29057
29065
29073
29095
29100
29112
29120
29125
30005
30010
30015
30020
30025
30035
30040
30045
30050
30055
30070
30072
30080
30085
30090
30095
30100
30105
30110
31008
31015
31020
31025
31030
31035
31040
31045
31050
31056
31060
31084
31095
31100
31105
31122
31130
31135
31140
32013
32023
32033
32040
32045
32050
32058
32065
32072
32080
32085
33007
33017
33025
33030
33035
33040
33045
33052
33060
33065
33070
33080
33085
33090
33095
33102
33115
33123
34007
34017
34025
34030
34038
34048
34058
34060
34065
34078
34085
34090
34097
34105
34115
34120
34128
34135
35005
35010
35015
35020
35027
35035
35040
35045
35050
35055
36033
37067
37205
37210
37215
37220
37225
37230
37235
37240
37245
37250
38005
38010
38015
38020
38028
38035
38040
38047
38055
38060
38065
38070
39005
39010
39015
39020
39025
39030
39035
39043
39060
39062
39077
39085
39090
39097
39105
39117
39130
39135
39145
39150
39155
39165
39170
40005
40010
40017
40025
40032
40043
40047
41012
41020
41027
41037
41038
41055
41060
41065
41070
41075
41080
41085
41098
41117
42005
42020
42025
42032
42040
42045
42050
42055
42060
42065
42070
42075
42078
42088
42095
42098
42100
42110
43027
44003
44005
44010
44015
44023
44037
44045
44050
44055
44060
44071
44080
45008
45020
45025
45030
45035
45043
45050
45055
45060
45072
45085
45093
45095
45100
45105
45115
46005
46010
46017
46025
46030
46035
46040
46045
46050
46058
46065
46070
46075
46078
46080
46085
46090
46095
46100
46105
46112
47010
47017
47025
47030
47035
47040
47047
47055
48005
48010
48015
48020
48028
48038
48045
48050
49005
49015
49020
49025
49030
49040
49048
49058
49070
49075
49080
49085
49095
49100
49105
49113
49125
49130
50005
50013
50023
50030
50035
50042
50050
50057
50065
50072
50085
50090
50095
50100
50113
50128
51008
51015
51020
51025
51030
51035
51040
51045
51050
51055
51060
51065
51070
51075
51080
51085
51090
52007
52017
52030
52035
52040
52045
52050
52055
52062
52070
52075
52080
52085
52090
52095
53005
53010
53015
53020
53025
53032
53040
53050
53052
53065
53072
53085
54008
54017
54025
54030
54035
54048
54060
54065
54072
54090
54095
54100
54105
54110
54115
54120
54125
55008
55015
55023
55030
55037
55048
55057
55065
56005
56010
56015
56023
56030
56035
56042
56050
56055
56060
56065
56083
56097
56105
57005
57010
57020
57025
57030
57033
57035
57040
57045
57050
57057
57068
57075
58007
58012
58033
58037
58227
59010
59015
59020
59025
59030
59035
60005
60013
60020
60028
60035
60040
61005
61013
61020
61025
61027
61030
61035
61040
61045
61050
62007
62015
62020
62025
62030
62037
62047
62053
62055
62060
62065
62070
62075
62080
62085
63005
63013
63030
63035
63040
63048
63055
63060
63065
64008
64015
65005
66007
66032
66047
66058
66062
66072
66087
66092
66097
66102
66107
66112
66117
66127
66142
67005
67010
67015
67020
67025
67030
67035
67040
67045
67050
67055
68005
68010
68015
68020
68025
68030
68035
68040
68045
68050
68055
69005
69010
69017
69025
69030
69037
69045
69050
69055
69060
69065
69070
69075
70005
70012
70022
70030
70035
70040
70052
71005
71015
71020
71025
71033
71040
71045
71050
71055
71060
71065
71070
71075
71083
71090
71095
71100
71105
71110
71115
71125
71133
71140
72005
72010
72015
72020
72025
72032
72043
73005
73010
73015
73020
73025
73030
73035
74005
75005
75017
75028
75040
75045
76008
76020
76025
76030
76035
76043
76052
76055
76065
77011
77012
77022
77030
77035
77043
77050
77055
77060
77065
78005
78010
78015
78020
78032
78042
78047
78050
78055
78060
78065
78070
78075
78095
78100
78102
78115
78120
78127
78130
79005
79010
79015
79022
79025
79030
79037
79047
79050
79060
79065
79078
79088
79097
79105
79110
79115
80005
80010
80015
80020
80027
80037
80045
80050
80055
80060
80065
80070
80078
80085
80090
80095
80103
80110
80115
80125
80130
80135
80140
80145
81017
82005
82010
82015
82020
82025
82030
82035
83005
83010
83015
83020
83032
83040
83045
83050
83055
83060
83065
83070
83075
83085
83088
83090
83095
84005
84010
84015
84020
84025
84030
84035
84040
84045
84050
84055
84060
84065
84070
84082
84090
84095
84100
85005
85010
85015
85020
85025
85030
85037
85045
85050
85055
85060
85065
85070
85075
85080
85085
85090
85095
85100
85105
86042
87005
87010
87015
87020
87025
87030
87035
87042
87050
87058
87070
87075
87080
87085
87090
87095
87100
87105
87110
87115
87120
88005
88010
88015
88022
88030
88035
88040
88045
88050
88055
88060
88065
88070
88075
88080
88085
88090
89008
89010
89015
89040
89045
89050
90012
90017
90027
91005
91010
91015
91020
91025
91030
91035
91042
91050
92005
92010
92015
92022
92030
92040
92045
92050
92055
92060
92065
92070
93005
93012
93020
93025
93030
93035
93042
93045
93055
93060
93065
93070
93075
93080
94068
94205
94210
94215
94220
94225
94230
94235
94240
94245
94250
94255
94260
94265
95005
95010
95018
95025
95032
95040
95045
95050
96005
96010
96015
96020
96025
96030
96035
96040
97007
97022
97035
98005
98010
98012
98014
98020
98025
98030
98035
98040
98045
98050
98055
99005
99015
99020
99025
